TICKLIMIT = 100;

RUN1: -207.1428
RUN2: -92.85714
RUN3: -78.5714
RUN4: -150.0
RUN5: -57.14
RUN6: -107.1428
MEDIAN = -100 (0.5 boda u 1000 tickova)

-------------------------
TICKLIMIT = 300

RUN1: -557.14285
RUN2: -500
RUN3: -364.2857
RUN4: -285.71428
RUN5: -300

MEDIAN = -364.2857 (1.82 boda u 1000 tickova)

----------------------------
TICKLIMIT = 200


RUN1= -85.714
RUN2 = -150
RUN3 = -228.57
RUN4 = -292.8571
RUN5 = -171.4285

MEDIAN = -171.4285 (0.855 bod u 1000 tickova)

--------------------
TICKLIMIT = 500

RUN1 = -564.2857
RUN2 = -200
RUN3 = -435.7143
RUN4 = -278.5714
RUN5 = -335.7142

MEDIAN = -335.7142